2
50
0 "seletiva"
1 "controle"
2 "clima"
3 "ambiental" 
4 "impacto"
5 "aquecimento"
6 "limpa" 
7 "eólica" 
8 "renovação"
9 "política" 
10 "proteção"
11 "água" 
12 "verde"
13 "energia" 
14 "preservação"
15 "coleta"
16 "solo"
17 "equilíbrio"
18 "constituição"
19 "biodiversidade"
20 "jurisprudência"
21 "poluição"
22 "recurso"
23 "consumo"
24 "natural" 
25 "resíduos" 
26 "legislação" 
27 "ambiente" 
28 "fauna" 
29 "solar" 
30 "ecossistema" 
31 "meio" 
32 "carbono" 
33 "desmatamento" 
34 "reciclagem" 
35 "processo"
36 "ilegal"
37 "florestas" 
38 "desenvolvimento" 
39 "neutralidade" 
40 "flora" 
41 "sustentabilidade" 
42 "global" 
43 "renovável" 
44 "consciente" 
45 "saúde" 
46 "sustentável" 
47 "educação" 
48 "gestão" 
49 "emissões" 
150
16 3 0.13
46 44 0.40
13 6 0.26
19 12 0.36
21 45 0.89
42 19 0.77
12 37 0.65
24 28 0.95
19 15 0.90
26 8 0.35
47 3 0.65
9 7 0.13
39 44 0.16
23 11 0.92
34 17 0.85
3 17 0.68
29 9 0.89
41 6 0.13
39 6 0.65
33 11 0.42
10 31 0.59
41 32 0.67
29 30 0.23
3 25 0.66
33 27 0.73
3 2 0.22
27 3 0.27
13 3 0.28
34 17 0.66
14 4 0.07
34 40 0.27
43 8 0.74
10 42 0.93
39 13 0.28
38 5 0.86
12 26 0.76
31 43 0.77
49 4 0.18
43 1 0.75
10 39 0.17
29 3 0.77
9 3 0.35
6 1 0.64
34 0 0.04
14 13 0.22
15 17 0.41
41 24 0.52
3 8 0.38
4 34 0.22
31 13 0.77
25 32 0.42
25 21 0.86
25 46 0.74
13 19 0.58
22 28 0.54
27 9 0.96
23 32 0.22
38 16 0.33
37 47 0.86
32 21 0.89
4 25 0.68
3 41 0.87
13 16 0.18
19 40 0.97
46 16 0.44
27 16 0.40
48 28 0.56
13 19 0.29
1 33 0.24
19 13 0.49
41 11 0.59
42 3 0.05
19 7 0.93
46 1 0.03
44 0 0.27
3 45 0.40
38 41 0.32
26 17 0.57
37 22 0.59
23 46 0.25
7 45 0.14
27 16 0.37
13 3 0.71
2 4 0.73
48 3 0.20
7 34 0.98
0 1 0.22
8 3 0.45
17 38 0.99
1 17 0.93
15 46 0.07
25 17 0.92
32 37 0.38
14 5 0.62
29 43 0.12
14 42 0.08
16 1 0.91
6 13 0.60
25 44 0.34
34 30 0.60
17 48 0.09
32 42 0.96
11 38 0.45
8 37 0.99
6 8 0.94
16 12 0.10
5 6 0.15
0 3 0.62
48 33 0.24
23 12 0.76
1 11 0.60
32 48 0.27
1 33 0.35
3 11 0.69
21 36 0.50
26 20 0.80
18 36 0.78
13 7 0.93
13 12 0.76
9 12 0.07
25 21 0.78
28 30 0.65
37 40 0.89
45 42 0.68
49 36 0.79
4 28 0.64
48 46 0.45
5 3 0.98
26 3 0.37
49 32 0.95
17 16 0.20
30 29 0.01
14 11 0.76
33 37 0.99
33 36 0.87
34 42 0.29
47 44 0.74
11 12 0.04
25 24 0.56
11 16 0.34
9 10 0.25
9 14 0.36
38 24 0.48
34 25 0.93
2 42 0.76
31 27 0.94
29 24 0.82
22 24 0.87
20 36 0.23
15 0 0.93